100 0 0.867 0.131
100 1000 0.786 0.076
100 2000 0.715 0.048
100 5000 0.655 0.063
100 10000 0.629 0.027
100 20000 0.596 0.051
100 41000 0.556 0.051
200 0 0.799 0.079
200 1000 0.672 0.053
200 2000 0.621 0.054
200 5000 0.611 0.054
200 10000 0.595 0.042
200 20000 0.562 0.047
200 41000 0.530 0.016
500 0 0.712 0.065
500 1000 0.643 0.065
500 2000 0.602 0.065
500 5000 0.569 0.062
500 10000 0.541 0.073
500 20000 0.520 0.053
500 41000 0.513 0.022
1000 0 0.600 0.037
1000 1000 0.577 0.059
1000 2000 0.552 0.057
1000 5000 0.520 0.060
1000 10000 0.524 0.060
1000 20000 0.489 0.047
1000 41000 0.467 0.047
2430 0 0.500 0.061
2430 1000 0.489 0.048
2430 2000 0.455 0.045
2430 5000 0.437 0.027
2430 10000 0.430 0.049
2430 20000 0.452 0.057
2430 41000 0.402 0.048