100 0 1.152 0.266
100 1000 0.857 0.167
100 2000 0.737 0.119
100 5000 0.749 0.108
100 10000 0.727 0.091
100 20000 0.716 0.104
100 41000 0.685 0.094
200 0 0.827 0.144
200 1000 0.750 0.175
200 2000 0.737 0.104
200 5000 0.715 0.160
200 10000 0.711 0.107
200 20000 0.657 0.105
200 41000 0.597 0.106
300 0 0.823 0.191
300 1000 0.747 0.114
300 2000 0.710 0.142
300 5000 0.718 0.133
300 10000 0.708 0.112
300 20000 0.610 0.131
300 41000 0.565 0.144
400 0 0.760 0.111
400 1000 0.721 0.118
400 2000 0.673 0.143
400 5000 0.649 0.094
400 10000 0.648 0.085
400 20000 0.626 0.169
400 41000 0.530 0.121
424 0 0.779 0.133
424 1000 0.714 0.126
424 2000 0.651 0.097
424 5000 0.640 0.130
424 10000 0.591 0.140
424 20000 0.571 0.125
424 41000 0.520 0.112
