100 0 1.792 0.294
100 1000 1.369 0.137
100 2000 1.224 0.049
100 5000 1.149 0.121
100 10000 1.112 0.101
100 20000 0.983 0.142
100 41000 0.887 0.083
500 0 1.134 0.077
500 1000 1.037 0.057
500 2000 0.995 0.039
500 5000 0.932 0.050
500 10000 0.842 0.062
500 20000 0.748 0.054
500 41000 0.722 0.082
1000 0 0.980 0.052
1000 1000 0.859 0.052
1000 2000 0.823 0.051
1000 5000 0.784 0.045
1000 10000 0.730 0.032
1000 20000 0.672 0.033
1000 41000 0.584 0.034
1500 0 0.797 0.047
1500 1000 0.756 0.043
1500 2000 0.726 0.034
1500 5000 0.674 0.040
1500 10000 0.664 0.041
1500 20000 0.615 0.035
1500 41000 0.552 0.043
2060 0 0.683 0.061
2060 1000 0.694 0.058
2060 2000 0.696 0.060
2060 5000 0.642 0.044
2060 10000 0.571 0.042
2060 20000 0.587 0.090
2060 41000 0.555 0.061
