100 0 1.4172 0.20100089552039313
100 1000 0.9892 0.07830555535848015
100 2000 0.8834 0.05475253418792593
100 5000 0.788 0.05739686402583333
100 10000 0.7156 0.03433132680220793
100 20000 0.6756 0.07602262821029014
100 41000 0.5874 0.04863167691947297
500 0 1.0242 0.06625828250113339
500 1000 0.8817999999999999 0.06001466487451215
500 2000 0.8321999999999999 0.04787233021276486
500 5000 0.697 0.05438014343489728
500 10000 0.6542 0.05538736317970008
500 20000 0.5896 0.047960817340825204
500 41000 0.5686 0.06513248037653718
1000 0 0.923 0.03353803810600731
1000 1000 0.7898 0.033677292052657674
1000 2000 0.7786 0.04538546022681715
1000 5000 0.6702 0.03470677167355095
1000 10000 0.6188 0.05282575129612452
1000 20000 0.5494 0.03988282838515843
1000 41000 0.47219999999999995 0.02550607770708778
3000 0 0.7068000000000001 0.07749425785179186
3000 1000 0.6174000000000001 0.041557670772072876
3000 2000 0.6374000000000001 0.026325652888390085
3000 5000 0.5458000000000001 0.02798142240844805
3000 10000 0.526 0.03424616766880639
3000 20000 0.4896 0.04479553549183221
3000 41000 0.39 0.04533872516955015
4800 0 0.5713999999999999 0.028869360921225783
4800 1000 0.5660000000000001 0.047560487802376455
4800 2000 0.5198 0.03579050153322807
4800 5000 0.4946 0.009971960689854337
4800 10000 0.4694000000000001 0.037813225199657345
4800 20000 0.4372 0.044915030891673674
4800 41000 0.3638 0.05633968406017202
