100 0 1.7918333333333336 0.2944856627334437
100 1000 1.369 0.13727830612785596
100 2000 1.2241666666666664 0.048591551620512076
100 5000 1.1491666666666667 0.12087378633195134
100 10000 1.1118333333333335 0.10141731717129096
100 20000 0.9833333333333334 0.14172939787574848
100 41000 0.8873333333333333 0.08287876017948681
500 0 1.1343333333333332 0.07683242949576845
500 1000 1.0371666666666666 0.05663160680122801
500 2000 0.9948333333333336 0.039091417074453655
500 5000 0.9316666666666666 0.05046010525377666
500 10000 0.8415 0.06196168170732616
500 20000 0.7479999999999999 0.05402777063696039
500 41000 0.722 0.08161699169494875
1000 0 0.9796666666666666 0.05220046828227583
1000 1000 0.859 0.05209606511052445
1000 2000 0.8226666666666667 0.050628274928366086
1000 5000 0.7841666666666667 0.045190030857357115
1000 10000 0.7296666666666667 0.03160520350968948
1000 20000 0.6725 0.032983581774371704
1000 41000 0.5844999999999999 0.03430621906690778
1500 0 0.7973333333333333 0.04706968828827694
1500 1000 0.7561666666666667 0.042745045196945185
1500 2000 0.726 0.03416626016018338
1500 5000 0.6739999999999999 0.0397534065626247
1500 10000 0.6638333333333334 0.040851016579218136
1500 20000 0.6151666666666666 0.034968636741451016
1500 41000 0.5515555555555556 0.04274760840902514
2060 0 0.6833333333333332 0.06053557264580518
2060 1000 0.6941666666666667 0.05779681844377096
2060 2000 0.6956666666666665 0.06039223643997814
2060 5000 0.6416666666666667 0.043858357875729406
2060 10000 0.5711666666666666 0.04231003295778542
2060 20000 0.5866666666666666 0.0900345612652287
2060 41000 0.5548 0.0614341924338556
