100 0 1.1518333333333335 0.26623261549922006
100 1000 0.8565 0.16683100231471767
100 2000 0.7374999999999999 0.11901645544489499
100 5000 0.7491666666666666 0.10840574503021302
100 10000 0.7273333333333333 0.09130656542050464
100 20000 0.7158333333333333 0.10371984166761705
100 41000 0.6846666666666668 0.09440280127670413
200 0 0.8266666666666667 0.14378417468166965
200 1000 0.7501666666666668 0.1750975125148524
200 2000 0.7374999999999999 0.10371877040021894
200 5000 0.715 0.16041508657230466
200 10000 0.7111666666666667 0.10717807093285871
200 20000 0.6573333333333333 0.10477383049003963
200 41000 0.5971666666666667 0.10632562667997256
300 0 0.8226666666666667 0.19096829288886913
300 1000 0.7473333333333333 0.11368621532778528
300 2000 0.7103333333333334 0.14229039164875312
300 5000 0.718 0.13347658970770868
300 10000 0.7084999999999999 0.1123843850363564
300 20000 0.6098333333333333 0.13128266789218174
300 41000 0.5651666666666666 0.14418439197391958
400 0 0.7595000000000001 0.11061306432786318
400 1000 0.7206666666666667 0.11844079627485715
400 2000 0.6726666666666667 0.14286318241201576
400 5000 0.6488333333333335 0.09372907173811598
400 10000 0.6476666666666667 0.08513061859414754
400 20000 0.6255000000000001 0.16879450030535156
400 41000 0.5299999999999999 0.12143859902573537
424 0 0.7791666666666668 0.1326780773987256
424 1000 0.7136666666666667 0.12584337708260837
424 2000 0.6515 0.0971266355503645
424 5000 0.6405 0.12987269407641727
424 10000 0.5905 0.13991277044406397
424 20000 0.5708333333333332 0.1245865384203107
424 41000 0.51975 0.11207335767255304
