100 0 0.86725 0.1305715799858453
100 1000 0.786 0.07578918128598568
100 2000 0.71475 0.048181298239047064
100 5000 0.654875 0.06310989918388397
100 10000 0.6288750000000001 0.027369862531624108
100 20000 0.59625 0.050775855482699646
100 41000 0.55575 0.05099938725122097
200 0 0.798875 0.07883437939756993
200 1000 0.6717500000000001 0.053150141109878535
200 2000 0.6214285714285713 0.05411061987885067
200 5000 0.610625 0.05372135864812057
200 10000 0.5951428571428572 0.041635934244449994
200 20000 0.5618571428571428 0.0473420036133078
200 41000 0.5298571428571429 0.015923285477820327
500 0 0.712 0.06469544033392154
500 1000 0.643 0.06514023334314975
500 2000 0.602125 0.06509308238975936
500 5000 0.569125 0.06165516503100126
500 10000 0.54125 0.07337361583021516
500 20000 0.52 0.053315101050265296
500 41000 0.512625 0.0220110057698416
1000 0 0.60025 0.03729862598005456
1000 1000 0.5766249999999999 0.05884075437143886
1000 2000 0.552125 0.057200169361637375
1000 5000 0.52 0.05968249324550709
1000 10000 0.523625 0.0600560935709275
1000 20000 0.48875 0.0468341488659717
1000 41000 0.46699999999999997 0.04711422290561525
2430 0 0.49974999999999997 0.06145882768162764
2430 1000 0.488625 0.04769417548296647
2430 2000 0.4545 0.04513036671687923
2430 5000 0.43662500000000004 0.026971918266967963
2430 10000 0.43037499999999995 0.04915774989765093
2430 20000 0.451625 0.057253684379260705
2430 41000 0.402 0.048052055106935845
